0 Ag_Johnson 0.9766839378238342 0.4067357512953368
1 Ag_Yang 0.9818652849740933 0.4170984455958549
3 Ag_Babar 0.9740932642487047 0.40155440414507776
5 Ag_Werner 0.9481865284974085 0.36528497409326427
8 Ag_Hagemann 0.966321243523316 0.383419689119171
9 Ag_Ciesielski 0.9896373056994737 0.4533678756476684
10 Ag_Ciesielski-Ge 1.0 0.44041450777202074
11 Ag_Ciesielski-Ni 0.9715025906735751 0.40414507772020725
12 Ag_Rakic-BB 0.9974093264248705 0.46373056994816186
13 Ag_Rakic-LD 0.9922279792746115 0.46632124352331605
14 Ag_Werner-DFT 0.955958549222798 0.5233160621761658
15 Al_Rakic 0.8367875647668395 0.1295336787564767
16 Al_McPeak 0.844559585492228 0.15803108808290156
19 Al_Hagemann 0.8316062176165804 0.1450777202072539
21 Al_Rakic-BB 0.8419689119171049 0.15025906735751296
22 Al_Rakic-LD 0.8393782383419689 0.14766839378238342
47 AlAs_Rakic 0.6398963730569949 0.800518134715026
52 GaAs_Adachi 0.6865284974093264 0.8549222797927462
53 GaAs_Rakic 0.6968911917098446 0.8575129533678757
54 GaAs_Ozaki 0.6917098445595855 0.8601036269430052
57 InAs_Adachi 0.6994818652849741 0.8704663212435233
62 Au_Johnson 0.8678756476683939 0.6036269430051814
64 Au_Babar 0.8626943005181348 0.61139896373057
68 Au_Werner 0.9352331606217616 0.344559585492228
71 Au_Hagemann 0.8704663212435233 0.655440414507772
76 Au_Ciesielski 0.8601036269430052 0.6398963730569948
77 Au_Ciesielski-Ge 0.9507772020725389 0.582901554404145
82 Au_Rakic-BB 0.852979274611399 0.6269430051813472
83 Au_Rakic-LD 0.8341968911917083 0.645077720207253
84 Au_Werner-DFT 0.8808290155440415 0.6761658031088084
86 BaB2O4_Eimerl-o 0.11398963730569948 0.4300518134715026
87 BaB2O4_Eimerl-e 0.25129533678756477 0.18134715025906736
88 BaB2O4_Tamosauskas-o 0.10362694300518135 0.42487046632124353
89 BaB2O4_Tamosauskas-e 0.2616580310880829 0.1761658031088083
95 LiB3O5_Chen-α 0.2072538860103627 0.24093264248704663
96 LiB3O5_Chen-β 0.15803108808290156 0.3005181347150259
97 LiB3O5_Chen-γ 0.14507772020725387 0.3290155440414507
98 CsLiB6O10_Sasaki-o 0.43523316062176165 0.09326424870466321
99 CsLiB6O10_Sasaki-e 0.44041450777202074 1.0
100 LuAl3(BO3)4_Fang-o 0.2823834196891192 0.6373056994818496
101 LuAl3(BO3)4_Fang-e 0.13730569948186525 0.5310880829015544
102 Be_Rakic-BB 0.582901554404145 0.3082901554404145
103 Be_Rakic-LD 0.5803108808290155 0.31088082901554404
104 Bi_Hagemann 0.6709844559585493 0.3963730569948187
105 Bi_Werner 0.922279792746114 0.31865284974093266
106 Bi_Werner-DFT 0.8212435233160622 0.6683937823834196
108 CsBr_Li 0.30310880829015546 0.6968911917098446
109 CsBr_Querry 0.10621761658031088 0.45077720207253885
111 KBr_Li 0.03367875647668394 0.5051813471502591
112 LiBr_Li 0.2927461139896373 0.6476683937823833
113 NaBr_Li 0.04922279792746114 0.533678756476684
114 RbBr_Li 0.031088082901554404 0.5025906735751295
117 C_Phillip 0.5155440414507773 0.7564766839378239
120 C_Hagemann 0.5 0.5414507772020726
121 C_Larruquert 0.5259067357512953 0.7642487046632125
123 C_Djurisic-o 0.5414507772020726 0.4844559585492228
125 C_Querry-DixonKS2 0.48704663212435234 0.5103626943005182
126 C_Querry-DixonHPN2 0.5051813471502591 0.5207253886010363
127 C_Querry-Dixon200-10 0.5103626943005182 0.5181347150259054
128 C_Querry-AsburyMicro260 0.49481865284974097 0.5155440414507773
129 C_Querry-Dixon1102 0.49740932642487046 0.5259067357512953
130 C_Querry-Asbury3222 0.5077720207253886 0.538860103626943
131 C_Querry-Pyrolytic 0.48186528497409326 0.5284974093264249
133 B4C_Larruquert 0.6295336787564767 0.7797927461139896
143 SiC_Larruquert 0.6373056994818651 0.7849740932642487
144 TiC_Pfluger 0.572538860103627 0.3626943005181347
145 VC_Pfluger 0.5699481865284974 0.3678756476683938
146 CaCO3_Ghosh-o 0.11917098445595856 0.4119170984455959
147 CaCO3_Ghosh-e 0.3523316062176166 0.038860103626943004
154 CsCl_Li 0.05181347150259068 0.5362694300518135
156 KCl_Li 0.18652849740932642 0.13471502590673576
157 KCl_Querry 0.40414507772020725 0.08290155440414508
158 LiCl_Li 0.09844559585492237 0.40932642487046633
159 NaCl_Li 0.2033678756476684 0.16191709844559588
160 NaCl_Querry 0.2461139896373057 0.17098445595854922
161 RbCl_Li 0.1839378238341969 0.1373056994818653
163 Co_Johnson 0.7435233160621761 0.3160621761658031
164 Co_Werner 0.8911917098445596 0.2305699481865285
165 Co_Werner-DFT 0.6787564766839378 0.1994818652849741
166 Cr_Johnson 0.6139896373056996 0.34196891191709844
167 Cr_Rakic-BB 0.6658031088082902 0.2072538860103627
168 Cr_Rakic-LD 0.6683937823834194 0.20466321243523317
173 Cu_Johnson 0.9637305699481865 0.6088082901554404
175 Cu_Babar 0.9196891191709845 0.5854922279792746
177 Cu_Werner 0.883419689119171 0.23316062176165803
180 Cu_Querry 0.8290155440414508 0.6580310880829016
181 Cu_Hagemann 0.9585492227979275 0.5984455958549223
182 Cu_Rakic-BB 0.9404145077720207 0.5958549222797928
183 Cu_Rakic-LD 0.9455958549222798 0.6139896373056987
184 Cu_Werner-DFT 0.917098445595855 0.6735751295336788
188 BaF2_Querry 0.3238341968911917 0.023316062176165803
189 BaF2_Li 0.24352331606217617 0.015544041450777202
190 BaF2_Malitson 0.24093264248704663 0.007772020725388601
191 CaF2_Malitson 0.35751295336787564 0.9844559585492229
192 CaF2_Daimon-20 0.36528497409326427 0.9689119170984456
193 CaF2_Daimon-25 0.3549222797927459 0.966321243523316
194 CaF2_Li 0.3626943005181347 0.9896373056994794
196 CeF3_Rodriguez-de_Marcos 0.13989637305699482 0.34974093264248707
197 CsF_Li 0.4430051813471503 0.08549222797927461
198 KF_Li 0.17875647668393782 0.8989637305699479
201 LaF3_Rodriguez-de_Marcos 0.19430051813471502 0.25906735751295334
203 LiF_Li 0.2305699481865285 0.9300518134715027
206 NaF_Li 0.02849740932642487 0.8186528497409327
207 MgF2_Dodge-o 0.19689119170984895 0.9093264248704663
208 MgF2_Dodge-e 0.21761658031088082 0.9274611398963726
209 MgF2_Li-o 0.1994818652849741 0.9119170984455959
210 MgF2_Li-e 0.2227979274611399 0.9248704663212436
211 MgF2_Rodriguez-de_Marcos 0.305699481865285 0.9637305699481865
213 RbF_Li 0.28756476683937826 0.9585492227979273
216 SrF2_Rodriguez-de_Marcos 0.39119170984455964 0.0025906735751295338
217 SrF2_Li 0.4067357512953368 0.9974093264248671
218 SrF2_Feldman 0.40155440414507776 0.9922279792746115
221 YLiF4_Barnes-o 0.046632124352331605 0.08031088082901545
222 YLiF4_Barnes-e 0.24870466321243523 0.0
223 Fe_Johnson 0.6062176165803109 0.35751295336787564
224 Fe_Werner 0.9119170984455959 0.13989637305699482
226 Fe_Querry 0.6476683937823833 0.39378238341968924
227 Fe_Werner-DFT 0.5958549222797928 0.25647668393782386
228 BiFeO3_Kumar 0.616580310880829 0.7901554404145078
231 Ge_Nunley 0.7901554404145078 0.9145077720207254
245 Ge_Ciesielski-2nm 0.6243523316062176 0.7746113989637305
246 Ge_Ciesielski-20nm 0.800518134715026 0.9507772020725389
253 H2_Peck 0.0051813471502590676 0.883419689119171
257 MgH2_Palm 0.5025906735751295 0.5518134715025904
258 TiH2_Palm 0.5932642487046632 0.4740932642487046
263 Hg_Inagaki 0.805699481865285 0.21761658031088082
265 CsI_Li 0.461139896373057 0.6917098445595855
266 CsI_Querry 0.1917098445595855 0.5906735751295337
267 CsI_Rodney 0.32642487046632096 0.6865284974093264
268 KI_Li 0.3005181347150259 0.7020725388601037
269 LiI_Li 0.4637305699481862 0.7150259067357513
271 NaI_Li 0.3160621761658031 0.689119170984456
272 RbI_Li 0.3082901554404145 0.6994818652849741
305 Li_Rasigni 0.8186528497409327 0.6709844559585493
308 Lu_Garcia-Cortes 0.655440414507772 0.3989637305699482
309 Mg_Hagemann 0.8860103626943006 0.19689119170984465
310 Mg_Palm 0.865284974093263 0.19430051813471502
312 Mn_Johnson 0.6424870466321241 0.37046632124352324
313 Mn_Querry 0.6606217616580311 0.38601036269430034
315 Mo_Werner 0.8937823834196892 0.13212435233160622
317 Mo_Querry 0.5518134715025907 0.23575129533678735
318 Mo_Kirillova 0.5906735751295337 0.272020725388601
319 Mo_Werner-DFT 0.5647668393782384 0.2461139896373057
330 AlN_Pastrnak-o 0.4792746113989637 0.733160621761658
331 AlN_Pastrnak-e 0.4896373056994819 0.7357512953367876
339 Si3N4_Philipp 0.4689119170984456 0.7202072538860104
340 TiN_Pfluger 0.6010362694300518 0.47927461139896377
342 VN_Pfluger 0.5880829015544041 0.4715025906735751
361 Ni_Johnson 0.7642487046632125 0.3316062176165802
362 Ni_Werner 0.9067357512953368 0.15284974093264247
364 Ni_Rakic-BB 0.7150259067357513 0.3756476683937824
365 Ni_Rakic-LD 0.7124352331606217 0.37823834196891193
366 Ni_Werner-DFT 0.7461139896373057 0.29533678756476683
369 Al2O3_Malitson-o 0.25647668393782386 0.616580310880829
370 Al2O3_Malitson-e 0.23575129533678754 0.6062176165803108
371 Al2O3_Querry-o 0.22797927461139897 0.5751295336787472
372 Al2O3_Querry-e 0.2150259067357513 0.5595854922279793
373 Al2O3_Malitson 0.2590673575129534 0.6217616580310881
377 Al2O3_Querry 0.8497409326424871 0.16580310880829
381 CO2_Bideau-Mehu 0.0025906735751295338 0.8782383419689119
386 Fe2O3_Querry-o 0.6191709844559585 0.7772020725388601
387 Fe2O3_Querry-e 0.5984455958549223 0.772020725388601
388 Fe3O4_Querry 0.5129533678756477 0.7383419689119171
390 GeO2_Nunley 0.16580310880829 0.24352331606217617
391 H2O_Hale 0.03756476683937824 0.8044041450777202
394 H2O_Daimon-19.0C 0.06217616580310881 0.8134715025906736
395 H2O_Daimon-20.0C 0.05958549222797928 0.8160621761658031
396 H2O_Daimon-21.5C 0.044041450777202076 0.8316062176165804
397 H2O_Daimon-24.0C 0.04145077720207254 0.8290155440414508
398 H2O_Segelstein 0.06476683937823804 0.8341968911917098
400 H2O_Warren-2008 0.01683937823834197 0.822538860103627
401 H2O_Warren-1984 0.020725388601035954 0.8264248704663213
417 MoO3_Lajaunie-α 0.4922279792746114 0.7227979274611399
418 MoO3_Lajaunie-β 0.533678756476684 0.7616580310880829
419 MoO3_Lajaunie-γ 0.6113989637305697 0.7875647668393785
422 Nb2O5_Lemarchand 0.5233160621761658 0.7409326424870467
424 Sc2O3_Belosludtsev 0.46632124352331605 0.7176165803108807
427 SiO_Hass 0.4715025906735732 0.7046632124352332
428 SiO2_Malitson 0.08160621761658032 0.04533678756476684
430 SiO2_Ghosh-o 0.2849740932642487 0.17357512953367876
431 SiO2_Ghosh-e 0.2694300518134715 0.18911917098445596
432 SiO2_Radhakrishnan-o 0.27979274611398963 0.1683937823834197
433 SiO2_Radhakrishnan-e 0.27202072538860106 0.1839378238341969
435 SiO2_Rodriguez-de_Marcos 0.15025906735751296 0.02072538860103627
436 SiO2_Gao 0.266839378238342 0.0051813471502590676
437 SiO2_Lemarchand 0.2331606217616579 0.010362694300518135
440 Ta2O5_Rodriguez-de_Marcos 0.4766839378238341 0.7279792746113979
448 TiO2_Siefke 0.5310880829015544 0.7538860103626943
450 Y2O3_Nigara 0.45595854922279794 0.7124352331606209
455 ZnO_Querry 0.22538860103626943 0.27461139896373044
460 Os_Nemoshkalenko-o 0.5362694300518135 0.266839378238342
461 Os_Nemoshkalenko-e 0.6036269430051814 0.2383419689119171
471 GaP_Adachi 0.645077720207254 0.8082901554404145
474 InP_Adachi 0.6735751295336787 0.8419689119170984
483 KH2PO4_Zernike-o 0.4170984455958549 0.11398963730569948
484 KH2PO4_Zernike-e 0.1761658031088083 0.018134715025906738
488 NH4H2PO4_Zernike-o 0.3937823834196894 0.12694300518134716
489 NH4H2PO4_Zernike-e 0.2746113989637306 0.01295336787564767
494 Pb_Werner 0.8730569948186528 0.17875647668393782
500 Pb_Werner-DFT 0.7487046632124352 0.3471502590673575
501 Pd_Johnson 0.7849740932642487 0.32124352331606215
502 Pd_Palm 0.7875647668393796 0.26424870466321243
503 Pd_Werner 0.9093264248704663 0.2694300518134715
505 Pd_Rakic-BB 0.7797927461139896 0.3238341968911917
506 Pd_Rakic-LD 0.7772020725388672 0.32642487046632085
507 Pd_Werner-DFT 0.7927461139896373 0.24870466321243523
510 Pt_Werner 0.8963730569948187 0.21243523316062177
511 Pt_Rakic-BB 0.7331606217616581 0.2849740932642487
512 Pt_Rakic-LD 0.7383419689119065 0.2875647668393767
513 Pt_Werner-DFT 0.8134715025906736 0.2150259067357513
522 Rh_Weaver 0.8160621761658031 0.20207253886010362
540 CdS_Ninomiya-o 0.5440414507772021 0.7461139896373057
541 CdS_Ninomiya-e 0.5492227979274602 0.7487046632124352
550 MoS2_Beal 0.7953367875647669 0.9196891191709845
559 ZnS_Querry 0.5207253886010363 0.7435233160621761
561 ZnS_Ozaki 0.5284974093264249 0.7512953367875648
566 AlSb_Adachi 0.7253886010362695 0.8678756476683939
567 AlSb_Djurisic 0.7227979274611395 0.8626943005181348
569 GaSb_Ferrini 0.7720207253886011 0.9326424870466321
570 GaSb_Adachi 0.7538860103626943 0.922279792746114
571 GaSb_Djurisic 0.7590673575129534 0.9378238341968896
573 InSb_Adachi 0.7564766839378239 0.9455958549222798
574 InSb_Djurisic 0.766839378238342 0.9481865284974093
578 Se_Ciesielski 0.2979274611398964 0.9404145077720207
581 CdSe_Ninomiya-o 0.577720207253886 0.766839378238342
582 CdSe_Ninomiya-e 0.5751295336787565 0.7694300518134716
586 MoSe2_Beal 0.7979274611398964 0.9430051813471503
588 PbSe_Suzuki 0.8031088082901555 0.955958549222798
602 Si_Schinke 0.7072538860103628 0.7979274611398964
603 Si_Green-2008 0.7098445595854909 0.7927461139896373
610 Si_Green-1995 0.7046632124352332 0.7953367875647669
638 Si_Pierce 0.7279792746113988 0.8730569948186528
645 Ta_Werner 0.8782383419689119 0.22538860103626943
647 Ta_Werner-DFT 0.8886010362694301 0.6813471502590673
653 Te_Ciesielski 0.7823834196891194 0.961139896373057
659 CdTe_Adachi 0.6217616580310881 0.7823834196891192
660 MoTe2_Beal 0.7694300518134716 0.9533678756476685
667 Ti_Johnson 0.6347150259067358 0.3523316062176166
668 Ti_Palm 0.5854922279792746 0.47668393782383406
669 Ti_Werner 0.9145077720207254 0.2927461139896373
673 Ti_Rakic-BB 0.6502590673575129 0.41968911917098445
674 Ti_Rakic-LD 0.6528497409326419 0.422279792746114
675 Ti_Werner-DFT 0.6580310880829016 0.20984455958549222
684 V_Johnson 0.5673575129533679 0.2979274611398964
686 V_Werner 0.9015544041450777 0.2538860103626943
687 V_Werner-DFT 0.538860103626943 0.2772020725388601
701 W_Werner 0.898963730569948 0.15544041450777202
703 W_Rakic-BB 0.5621761658031088 0.3367875647668394
704 W_Rakic-LD 0.5595854922279793 0.33937823834196756
705 W_Werner-DFT 0.5569948186528497 0.3134715025906736
730 Zn_Werner 0.8575129533678757 0.18652849740932642
733 Zn_Werner-DFT 0.6839378238341969 0.1917098445595855
735 Zr_Palm 0.5466321243523315 0.48704663212435234
736 Zr_Querry 0.6269430051813472 0.33419689119170987
739 methane_Martonchik-liquid-111K 0.0 0.8393782383419689
740 methane_Martonchik-liquid-90K 0.01295336787564767 0.8367875647668389
741 methane_Martonchik-solid-90K 0.06735751295336788 0.8497409326424871
742 methane_Martonchik-solid-30K 0.06994818652849741 0.8523316062176167
765 ethanol_Sani 0.17098445595854922 0.896373056994817
766 ethanol_Sani-formula 0.1683937823834197 0.8937823834196892
770 propanol_Sani 0.21243523316062177 0.9041450777202072
771 propanol_Sani-formula 0.20984455958549222 0.9067357512953368
778 ethylene_glycol_Otanicar 0.023316062176165803 0.8860103626943006
779 ethylene_glycol_Sani 0.32124352331606193 0.9818652849740933
780 ethylene_glycol_Sani-formula 0.31865284974093266 0.9792746113989638
848 poly(N-isopropylacrylamide)_Brasse 0.422279792746114 0.11139896373056996
853 BK7_OHARA 0.3963730569948187 0.11917098445595856
868 FK51A_SCHOTT 0.3704663212435233 0.02849740932642487
882 fused_silica_Malitson 0.08160621761658032 0.04533678756476684
890 soda-lime_Vogt-10ppm 0.4145077720207254 0.116580310880829
897 SCHOTT-multipurpose_LITHOSIL-Q 0.09067357512953368 0.054404145077720206
898 SCHOTT-multipurpose_LITHOTEC-CAF2 0.34974093264248707 0.9870466321243524
899 HIKARI-multipurpose_NIFS-A 0.07512953367875648 0.05958549222797928
900 HIKARI-multipurpose_NIFS-S 0.07772020725388601 0.06735751295336788
901 HIKARI-multipurpose_NIFS-U 0.07253886010362695 0.04145077720207254
902 HIKARI-multipurpose_NIFS-V 0.08808290155440415 0.07253886010362695
903 HIKARI-multipurpose_NICF-A 0.34585492227979275 0.9753886010362695
904 HIKARI-multipurpose_NICF-U 0.3756476683937824 0.9715025906735751
905 HIKARI-multipurpose_NICF-V 0.34585492227979275 0.9753886010362695
983 SCHOTT-BK_N-BK10 0.4300518134715026 0.10362694300518135
990 SCHOTT-FK_FK5HTi 0.383419689119171 0.05181347150259068
991 SCHOTT-FK_N-FK5 0.38082901554404147 0.06476683937823835
992 SCHOTT-FK_N-FK51 0.3704663212435233 0.02849740932642487
993 SCHOTT-FK_N-FK51A 0.3704663212435233 0.02849740932642487
994 SCHOTT-FK_N-FK58 0.05699481865284974 0.07512953367875648
997 SCHOTT-LaK_N-LAK7 0.12176165803108809 0.3911917098445596
1007 SCHOTT-LaK_N-LAK34 0.14766839378238342 0.5647668393782384
1010 SCHOTT-PK_N-PK52A 0.4481865284974093 0.10103626943005181
1099 SCHOTT-LaSF_N-LASF31A 0.42487046632124353 0.7072538860103628
1147 OHARA-BAL_BAL35Y 0.18134715025906736 0.2616580310880829
1164 OHARA-BAL_S-BAL42 0.18911917098445596 0.25129533678756477
1191 OHARA-BSL_BSL7Y 0.3989637305699482 0.12176165803108809
1195 OHARA-BSL_S-BSL7 0.4119170984455959 0.12435233160621761
1214 OHARA-BSM_BSM51Y 0.1528497409326425 0.3031088082901553
1232 OHARA-BSM_S-BSM81 0.13471502590673576 0.37305699481865284
1237 OHARA-FPL_S-FPL51 0.4533678756476684 0.09844559585492228
1238 OHARA-FPL_S-FPL51Y 0.45077720207253885 0.09585492227979275
1239 OHARA-FPL_S-FPL52 0.054404145077720206 0.07772020725388601
1240 OHARA-FPL_S-FPL53 0.40932642487046633 0.9948186528497409
1246 OHARA-FSL_S-FSL5 0.3860103626943005 0.04922279792746114
1247 OHARA-FSL_S-FSL5Y 0.37823834196891193 0.06217616580310881
1280 OHARA-LAH_L-LAH90 0.3134715025906736 0.6839378238341969
1281 OHARA-LAH_L-LAH91 0.2383419689119171 0.6243523316062176
1293 OHARA-LAH_S-LAH59 0.31088082901554404 0.6787564766839378
1331 OHARA-LAL_L-LAL13 0.12694300518134716 0.5
1333 OHARA-LAL_S-LAL7 0.11658031088082901 0.3886010362694305
1334 OHARA-LAL_S-LAL8 0.14248704663212436 0.5492227979274611
1335 OHARA-LAL_S-LAL9 0.12435233160621761 0.4948186528497406
1337 OHARA-LAL_S-LAL11 0.11139896373056996 0.4145077720207254
1338 OHARA-LAL_S-LAL12 0.10880829015544041 0.4481865284974093
1339 OHARA-LAL_S-LAL13 0.13212435233160622 0.49740932642487046
1340 OHARA-LAL_S-LAL14 0.1295336787564767 0.5077720207253886
1341 OHARA-LAL_S-LAL18 0.16321243523316062 0.5673575129533679
1344 OHARA-LAL_S-LAL52 0.10103626943005181 0.4274611398963731
1349 OHARA-LAL_S-LAL59 0.1606217616580311 0.5699481865284974
1351 OHARA-LAL_S-LAL61 0.17357512953367876 0.5777202072538861
1366 OHARA-LAM_L-LAM72 0.15544041450777202 0.572538860103627
1396 OHARA-NPH_S-NPH4 0.4585492227979275 0.694300518134715
1522 OHARA-YGH_S-YGH51 0.22020725388601037 0.6010362694300518
2560 air_Ciddor 0.010362694300518135 0.8756476683937824
2565 air_Peck 0.007772020725388601 0.8808290155440415
2566 Au-Ag_Rioux-Au100Ag0 0.8756476683937824 0.5880829015544041
2567 Au-Ag_Rioux-Au90Ag10 0.9041450777202072 0.5803108808290146
2568 Au-Ag_Rioux-Au80Ag20 0.9300518134715022 0.5621761658031088
2569 Au-Ag_Rioux-Au70Ag30 0.9326424870466321 0.5569948186528497
2570 Au-Ag_Rioux-Au60Ag40 0.9378238341968912 0.5544041450777202
2571 Au-Ag_Rioux-Au50Ag50 0.9533678756476685 0.5466321243523317
2572 Au-Ag_Rioux-Au40Ag60 0.9611398963730569 0.5440414507772009
2573 Au-Ag_Rioux-Au30Ag70 0.9689119170984456 0.5129533678756477
2574 Au-Ag_Rioux-Au20Ag80 0.9792746113989638 0.4922279792746114
2575 Au-Ag_Rioux-Au10Ag90 0.9844559585492229 0.46891191709844354
2576 Au-Ag_Rioux-Au0Ag100 0.9870466321243524 0.43523316062176165
2577 Cu-Zn_Querry-Cu90Zn10 0.8264248704663213 0.6528497409326424
2578 Cu-Zn_Querry-Cu85Zn15 0.8238341968911918 0.6632124352331603
2579 Cu-Zn_Querry-Cu70Zn30 0.9248704663212436 0.633419689119171
2587 Ni-Fe_Tikuisis_gold150nm 0.7202072538860104 0.30569948186528495
2588 Ni-Fe_Tikuisis_gold10nm 0.7176165803108803 0.27979274611398963
2589 Ni-Fe_Tikuisis_bare150nm 0.7305699481865285 0.2901554404145078
2590 Ni-Fe_Tikuisis_bare10nm 0.689119170984456 0.22797927461139897
2591 Pd-H_Palm 0.7020725388601037 0.38082901554404147
2595 Zr-H_Palm 0.5544041450777202 0.48186528497409326
2605 AlAs-GaAs_Adachi-0.315 0.6813471502590673 0.844559585492228
2606 AlAs-GaAs_Adachi-0.700 0.6632124352331294 0.810880829015544
2607 AlSb-GaSb_Ferrini-0 0.7746113989637305 0.9352331606217616
2608 AlSb-GaSb_Ferrini-10 0.7616580310880829 0.917098445595855
2609 AlSb-GaSb_Ferrini-30 0.7512953367875648 0.9015544041450777
2610 AlSb-GaSb_Ferrini-50 0.7409326424870466 0.8911917098445596
2611 AlN-Al2O3_Hartnett-6.69 0.29533678756476683 0.6606217616580311
2612 AlN-Al2O3_Hartnett-5.88 0.2772020725388601 0.6502590673575129
2613 AlN-Al2O3_Hartnett-6.53 0.26424870466321243 0.6424870466321244
2614 AlN-Al2O3_Hartnett-7.17 0.2901554404145077 0.6658031088082902
2615 GaAs-InAs_Adachi 0.694300518134715 0.8652849740932642
2617 GaAs-InAs-GaP-InP_Adachi 0.6761658031088084 0.8471502590673575
2641 C6H4S4-C12H4N4_Querry 0.32901554404145056 0.4378238341968912
2643 P3HT-PC61BM_Stelling 0.3341968911917098 0.4896373056994819
2645 Cu-C12H4N4_Querry 0.33160621761658027 0.4430051813471503
2646 Li-C12H4N4_Querry 0.38860103626943004 0.43264248704663216
2649 EVASKY_S87_Vogt 0.43264248704663216 0.09067357512953368
2650 EVASKY_S88_Vogt 0.41968911917098445 0.08808290155440415
2679 SiN_Vogt-1.91 0.4455958549222798 0.7098445595854922
2680 SiN_Vogt-2.09 0.4740932642487047 0.7253886010362695
2681 SiN_Vogt-2.13 0.4844559585492228 0.7305699481865285
2683 fused_silica_matching_liquid_Cargille-06350 0.09585492227979275 0.05699481865284974
2684 fused_silica_matching_liquid_Cargille-50350 0.09326424870466321 0.036269430051813475
2690 pmma_resists_Microchem495 0.4274611398963731 0.10880829015544041
2691 pmma_resists_Microchem950 0.4378238341968912 0.10621761658031088
2692 copolymer_resists_Microchem85mEL 0.33678756476683924 0.03367875647668394
2702 TherminolVP-1_Otanicar 0.02590673575129534 0.8886010362694301
2711 diesel_soot_Querry-NMSU 0.33937823834196895 0.45595854922279794
2712 diesel_soot_Querry-NMSU-heated 0.3601036269430052 0.4455958549222798
2731 metals_aluminium 0.8471502590673575 0.14248704663212436
2732 metals_brass 0.9248704663212436 0.633419689119171
2733 metals_copper 0.9430051813471503 0.5932642487046632
2734 metals_gold 0.8549222797927462 0.6295336787564767
2735 metals_iron 0.6088082901554249 0.3601036269430052
2737 metals_mercury 0.8082901554404145 0.22020725388601037
2738 metals_platinum 0.7357512953367876 0.2823834196891192
2739 metals_silver 0.9948186528497409 0.461139896373057
2740 metals_titanium 0.6321243523316062 0.35492227978844126
2749 crystals_diamond 0.5181347150258354 0.7590673575129534
2751 crystals_ice 0.01683937823834197 0.822538860103627
2752 crystals_quartz 0.08549222797927461 0.06994818652849741
2753 crystals_salt 0.2033678756476684 0.16191709844559588
2754 crystals_sapphire 0.2538860103626943 0.6191709844559585
2762 liquids_water 0.03756476683937824 0.8044041450777202
2765 liquids_mercury 0.810880829015544 0.2227979274611399
2768 misc_diesel_soot 0.34196891191709844 0.4585492227979275
